{
 "cells": [
  {
   "cell_type": "code",
   "execution_count": 1,
   "metadata": {},
   "outputs": [
    {
     "name": "stdout",
     "output_type": "stream",
     "text": [
      "          age       sex       bmi        bp        s1        s2        s3  \\\n",
      "437  0.041708  0.050680  0.019662  0.059744 -0.005697 -0.002566 -0.028674   \n",
      "438 -0.005515  0.050680 -0.015906 -0.067642  0.049341  0.079165 -0.028674   \n",
      "439  0.041708  0.050680 -0.015906  0.017282 -0.037344 -0.013840 -0.024993   \n",
      "440 -0.045472 -0.044642  0.039062  0.001215  0.016318  0.015283 -0.028674   \n",
      "441 -0.045472 -0.044642 -0.073030 -0.081414  0.083740  0.027809  0.173816   \n",
      "\n",
      "           s4        s5        s6  target  \n",
      "437 -0.002592  0.031193  0.007207   178.0  \n",
      "438  0.034309 -0.018118  0.044485   104.0  \n",
      "439 -0.011080 -0.046879  0.015491   132.0  \n",
      "440  0.026560  0.044528 -0.025930   220.0  \n",
      "441 -0.039493 -0.004220  0.003064    57.0  \n",
      "<class 'pandas.core.frame.DataFrame'>\n",
      "RangeIndex: 442 entries, 0 to 441\n",
      "Data columns (total 11 columns):\n",
      " #   Column  Non-Null Count  Dtype  \n",
      "---  ------  --------------  -----  \n",
      " 0   age     442 non-null    float64\n",
      " 1   sex     442 non-null    float64\n",
      " 2   bmi     442 non-null    float64\n",
      " 3   bp      442 non-null    float64\n",
      " 4   s1      442 non-null    float64\n",
      " 5   s2      442 non-null    float64\n",
      " 6   s3      442 non-null    float64\n",
      " 7   s4      442 non-null    float64\n",
      " 8   s5      442 non-null    float64\n",
      " 9   s6      442 non-null    float64\n",
      " 10  target  442 non-null    float64\n",
      "dtypes: float64(11)\n",
      "memory usage: 38.1 KB\n",
      "None\n"
     ]
    }
   ],
   "source": [
    "from sklearn.datasets import load_diabetes\n",
    "import pandas as pd\n",
    "import pandas as pd\n",
    "import numpy as np\n",
    "import matplotlib.pyplot as plt\n",
    "import seaborn as sns\n",
    "diabetes = load_diabetes()\n",
    "df = pd.DataFrame(diabetes.data, columns=diabetes.feature_names)\n",
    "# print(df)\n",
    "df[\"target\"] = diabetes.target\n",
    "print(df.tail())\n",
    "print(df.info())"
   ]
  },
  {
   "cell_type": "code",
   "execution_count": 2,
   "metadata": {},
   "outputs": [
    {
     "data": {
      "text/html": [
       "<div>\n",
       "<style scoped>\n",
       "    .dataframe tbody tr th:only-of-type {\n",
       "        vertical-align: middle;\n",
       "    }\n",
       "\n",
       "    .dataframe tbody tr th {\n",
       "        vertical-align: top;\n",
       "    }\n",
       "\n",
       "    .dataframe thead th {\n",
       "        text-align: right;\n",
       "    }\n",
       "</style>\n",
       "<table border=\"1\" class=\"dataframe\">\n",
       "  <thead>\n",
       "    <tr style=\"text-align: right;\">\n",
       "      <th></th>\n",
       "      <th>age</th>\n",
       "      <th>sex</th>\n",
       "      <th>bmi</th>\n",
       "      <th>bp</th>\n",
       "      <th>s1</th>\n",
       "      <th>s2</th>\n",
       "      <th>s3</th>\n",
       "      <th>s4</th>\n",
       "      <th>s5</th>\n",
       "      <th>s6</th>\n",
       "      <th>target</th>\n",
       "    </tr>\n",
       "  </thead>\n",
       "  <tbody>\n",
       "    <tr>\n",
       "      <th>age</th>\n",
       "      <td>1.000000</td>\n",
       "      <td>0.173737</td>\n",
       "      <td>0.185085</td>\n",
       "      <td>0.335427</td>\n",
       "      <td>0.260061</td>\n",
       "      <td>0.219243</td>\n",
       "      <td>-0.075181</td>\n",
       "      <td>0.203841</td>\n",
       "      <td>0.270777</td>\n",
       "      <td>0.301731</td>\n",
       "      <td>0.187889</td>\n",
       "    </tr>\n",
       "    <tr>\n",
       "      <th>sex</th>\n",
       "      <td>0.173737</td>\n",
       "      <td>1.000000</td>\n",
       "      <td>0.088161</td>\n",
       "      <td>0.241013</td>\n",
       "      <td>0.035277</td>\n",
       "      <td>0.142637</td>\n",
       "      <td>-0.379090</td>\n",
       "      <td>0.332115</td>\n",
       "      <td>0.149918</td>\n",
       "      <td>0.208133</td>\n",
       "      <td>0.043062</td>\n",
       "    </tr>\n",
       "    <tr>\n",
       "      <th>bmi</th>\n",
       "      <td>0.185085</td>\n",
       "      <td>0.088161</td>\n",
       "      <td>1.000000</td>\n",
       "      <td>0.395415</td>\n",
       "      <td>0.249777</td>\n",
       "      <td>0.261170</td>\n",
       "      <td>-0.366811</td>\n",
       "      <td>0.413807</td>\n",
       "      <td>0.446159</td>\n",
       "      <td>0.388680</td>\n",
       "      <td>0.586450</td>\n",
       "    </tr>\n",
       "    <tr>\n",
       "      <th>bp</th>\n",
       "      <td>0.335427</td>\n",
       "      <td>0.241013</td>\n",
       "      <td>0.395415</td>\n",
       "      <td>1.000000</td>\n",
       "      <td>0.242470</td>\n",
       "      <td>0.185558</td>\n",
       "      <td>-0.178761</td>\n",
       "      <td>0.257653</td>\n",
       "      <td>0.393478</td>\n",
       "      <td>0.390429</td>\n",
       "      <td>0.441484</td>\n",
       "    </tr>\n",
       "    <tr>\n",
       "      <th>s1</th>\n",
       "      <td>0.260061</td>\n",
       "      <td>0.035277</td>\n",
       "      <td>0.249777</td>\n",
       "      <td>0.242470</td>\n",
       "      <td>1.000000</td>\n",
       "      <td>0.896663</td>\n",
       "      <td>0.051519</td>\n",
       "      <td>0.542207</td>\n",
       "      <td>0.515501</td>\n",
       "      <td>0.325717</td>\n",
       "      <td>0.212022</td>\n",
       "    </tr>\n",
       "    <tr>\n",
       "      <th>s2</th>\n",
       "      <td>0.219243</td>\n",
       "      <td>0.142637</td>\n",
       "      <td>0.261170</td>\n",
       "      <td>0.185558</td>\n",
       "      <td>0.896663</td>\n",
       "      <td>1.000000</td>\n",
       "      <td>-0.196455</td>\n",
       "      <td>0.659817</td>\n",
       "      <td>0.318353</td>\n",
       "      <td>0.290600</td>\n",
       "      <td>0.174054</td>\n",
       "    </tr>\n",
       "    <tr>\n",
       "      <th>s3</th>\n",
       "      <td>-0.075181</td>\n",
       "      <td>-0.379090</td>\n",
       "      <td>-0.366811</td>\n",
       "      <td>-0.178761</td>\n",
       "      <td>0.051519</td>\n",
       "      <td>-0.196455</td>\n",
       "      <td>1.000000</td>\n",
       "      <td>-0.738493</td>\n",
       "      <td>-0.398577</td>\n",
       "      <td>-0.273697</td>\n",
       "      <td>-0.394789</td>\n",
       "    </tr>\n",
       "    <tr>\n",
       "      <th>s4</th>\n",
       "      <td>0.203841</td>\n",
       "      <td>0.332115</td>\n",
       "      <td>0.413807</td>\n",
       "      <td>0.257653</td>\n",
       "      <td>0.542207</td>\n",
       "      <td>0.659817</td>\n",
       "      <td>-0.738493</td>\n",
       "      <td>1.000000</td>\n",
       "      <td>0.617857</td>\n",
       "      <td>0.417212</td>\n",
       "      <td>0.430453</td>\n",
       "    </tr>\n",
       "    <tr>\n",
       "      <th>s5</th>\n",
       "      <td>0.270777</td>\n",
       "      <td>0.149918</td>\n",
       "      <td>0.446159</td>\n",
       "      <td>0.393478</td>\n",
       "      <td>0.515501</td>\n",
       "      <td>0.318353</td>\n",
       "      <td>-0.398577</td>\n",
       "      <td>0.617857</td>\n",
       "      <td>1.000000</td>\n",
       "      <td>0.464670</td>\n",
       "      <td>0.565883</td>\n",
       "    </tr>\n",
       "    <tr>\n",
       "      <th>s6</th>\n",
       "      <td>0.301731</td>\n",
       "      <td>0.208133</td>\n",
       "      <td>0.388680</td>\n",
       "      <td>0.390429</td>\n",
       "      <td>0.325717</td>\n",
       "      <td>0.290600</td>\n",
       "      <td>-0.273697</td>\n",
       "      <td>0.417212</td>\n",
       "      <td>0.464670</td>\n",
       "      <td>1.000000</td>\n",
       "      <td>0.382483</td>\n",
       "    </tr>\n",
       "    <tr>\n",
       "      <th>target</th>\n",
       "      <td>0.187889</td>\n",
       "      <td>0.043062</td>\n",
       "      <td>0.586450</td>\n",
       "      <td>0.441484</td>\n",
       "      <td>0.212022</td>\n",
       "      <td>0.174054</td>\n",
       "      <td>-0.394789</td>\n",
       "      <td>0.430453</td>\n",
       "      <td>0.565883</td>\n",
       "      <td>0.382483</td>\n",
       "      <td>1.000000</td>\n",
       "    </tr>\n",
       "  </tbody>\n",
       "</table>\n",
       "</div>"
      ],
      "text/plain": [
       "             age       sex       bmi        bp        s1        s2        s3  \\\n",
       "age     1.000000  0.173737  0.185085  0.335427  0.260061  0.219243 -0.075181   \n",
       "sex     0.173737  1.000000  0.088161  0.241013  0.035277  0.142637 -0.379090   \n",
       "bmi     0.185085  0.088161  1.000000  0.395415  0.249777  0.261170 -0.366811   \n",
       "bp      0.335427  0.241013  0.395415  1.000000  0.242470  0.185558 -0.178761   \n",
       "s1      0.260061  0.035277  0.249777  0.242470  1.000000  0.896663  0.051519   \n",
       "s2      0.219243  0.142637  0.261170  0.185558  0.896663  1.000000 -0.196455   \n",
       "s3     -0.075181 -0.379090 -0.366811 -0.178761  0.051519 -0.196455  1.000000   \n",
       "s4      0.203841  0.332115  0.413807  0.257653  0.542207  0.659817 -0.738493   \n",
       "s5      0.270777  0.149918  0.446159  0.393478  0.515501  0.318353 -0.398577   \n",
       "s6      0.301731  0.208133  0.388680  0.390429  0.325717  0.290600 -0.273697   \n",
       "target  0.187889  0.043062  0.586450  0.441484  0.212022  0.174054 -0.394789   \n",
       "\n",
       "              s4        s5        s6    target  \n",
       "age     0.203841  0.270777  0.301731  0.187889  \n",
       "sex     0.332115  0.149918  0.208133  0.043062  \n",
       "bmi     0.413807  0.446159  0.388680  0.586450  \n",
       "bp      0.257653  0.393478  0.390429  0.441484  \n",
       "s1      0.542207  0.515501  0.325717  0.212022  \n",
       "s2      0.659817  0.318353  0.290600  0.174054  \n",
       "s3     -0.738493 -0.398577 -0.273697 -0.394789  \n",
       "s4      1.000000  0.617857  0.417212  0.430453  \n",
       "s5      0.617857  1.000000  0.464670  0.565883  \n",
       "s6      0.417212  0.464670  1.000000  0.382483  \n",
       "target  0.430453  0.565883  0.382483  1.000000  "
      ]
     },
     "execution_count": 2,
     "metadata": {},
     "output_type": "execute_result"
    }
   ],
   "source": [
    "df.corr()"
   ]
  },
  {
   "cell_type": "code",
   "execution_count": 3,
   "metadata": {},
   "outputs": [
    {
     "data": {
      "text/html": [
       "<div>\n",
       "<style scoped>\n",
       "    .dataframe tbody tr th:only-of-type {\n",
       "        vertical-align: middle;\n",
       "    }\n",
       "\n",
       "    .dataframe tbody tr th {\n",
       "        vertical-align: top;\n",
       "    }\n",
       "\n",
       "    .dataframe thead th {\n",
       "        text-align: right;\n",
       "    }\n",
       "</style>\n",
       "<table border=\"1\" class=\"dataframe\">\n",
       "  <thead>\n",
       "    <tr style=\"text-align: right;\">\n",
       "      <th></th>\n",
       "      <th>age</th>\n",
       "      <th>sex</th>\n",
       "      <th>bmi</th>\n",
       "      <th>bp</th>\n",
       "      <th>s1</th>\n",
       "      <th>s2</th>\n",
       "      <th>s3</th>\n",
       "      <th>s4</th>\n",
       "      <th>s5</th>\n",
       "      <th>s6</th>\n",
       "      <th>target</th>\n",
       "    </tr>\n",
       "  </thead>\n",
       "  <tbody>\n",
       "    <tr>\n",
       "      <th>0</th>\n",
       "      <td>0.038076</td>\n",
       "      <td>0.050680</td>\n",
       "      <td>0.061696</td>\n",
       "      <td>0.021872</td>\n",
       "      <td>-0.044223</td>\n",
       "      <td>-0.034821</td>\n",
       "      <td>-0.043401</td>\n",
       "      <td>-0.002592</td>\n",
       "      <td>0.019908</td>\n",
       "      <td>-0.017646</td>\n",
       "      <td>151.0</td>\n",
       "    </tr>\n",
       "    <tr>\n",
       "      <th>1</th>\n",
       "      <td>-0.001882</td>\n",
       "      <td>-0.044642</td>\n",
       "      <td>-0.051474</td>\n",
       "      <td>-0.026328</td>\n",
       "      <td>-0.008449</td>\n",
       "      <td>-0.019163</td>\n",
       "      <td>0.074412</td>\n",
       "      <td>-0.039493</td>\n",
       "      <td>-0.068330</td>\n",
       "      <td>-0.092204</td>\n",
       "      <td>75.0</td>\n",
       "    </tr>\n",
       "    <tr>\n",
       "      <th>2</th>\n",
       "      <td>0.085299</td>\n",
       "      <td>0.050680</td>\n",
       "      <td>0.044451</td>\n",
       "      <td>-0.005671</td>\n",
       "      <td>-0.045599</td>\n",
       "      <td>-0.034194</td>\n",
       "      <td>-0.032356</td>\n",
       "      <td>-0.002592</td>\n",
       "      <td>0.002864</td>\n",
       "      <td>-0.025930</td>\n",
       "      <td>141.0</td>\n",
       "    </tr>\n",
       "    <tr>\n",
       "      <th>3</th>\n",
       "      <td>-0.089063</td>\n",
       "      <td>-0.044642</td>\n",
       "      <td>-0.011595</td>\n",
       "      <td>-0.036656</td>\n",
       "      <td>0.012191</td>\n",
       "      <td>0.024991</td>\n",
       "      <td>-0.036038</td>\n",
       "      <td>0.034309</td>\n",
       "      <td>0.022692</td>\n",
       "      <td>-0.009362</td>\n",
       "      <td>206.0</td>\n",
       "    </tr>\n",
       "    <tr>\n",
       "      <th>4</th>\n",
       "      <td>0.005383</td>\n",
       "      <td>-0.044642</td>\n",
       "      <td>-0.036385</td>\n",
       "      <td>0.021872</td>\n",
       "      <td>0.003935</td>\n",
       "      <td>0.015596</td>\n",
       "      <td>0.008142</td>\n",
       "      <td>-0.002592</td>\n",
       "      <td>-0.031991</td>\n",
       "      <td>-0.046641</td>\n",
       "      <td>135.0</td>\n",
       "    </tr>\n",
       "  </tbody>\n",
       "</table>\n",
       "</div>"
      ],
      "text/plain": [
       "        age       sex       bmi        bp        s1        s2        s3  \\\n",
       "0  0.038076  0.050680  0.061696  0.021872 -0.044223 -0.034821 -0.043401   \n",
       "1 -0.001882 -0.044642 -0.051474 -0.026328 -0.008449 -0.019163  0.074412   \n",
       "2  0.085299  0.050680  0.044451 -0.005671 -0.045599 -0.034194 -0.032356   \n",
       "3 -0.089063 -0.044642 -0.011595 -0.036656  0.012191  0.024991 -0.036038   \n",
       "4  0.005383 -0.044642 -0.036385  0.021872  0.003935  0.015596  0.008142   \n",
       "\n",
       "         s4        s5        s6  target  \n",
       "0 -0.002592  0.019908 -0.017646   151.0  \n",
       "1 -0.039493 -0.068330 -0.092204    75.0  \n",
       "2 -0.002592  0.002864 -0.025930   141.0  \n",
       "3  0.034309  0.022692 -0.009362   206.0  \n",
       "4 -0.002592 -0.031991 -0.046641   135.0  "
      ]
     },
     "execution_count": 3,
     "metadata": {},
     "output_type": "execute_result"
    }
   ],
   "source": [
    "df.head()"
   ]
  },
  {
   "cell_type": "code",
   "execution_count": 4,
   "metadata": {},
   "outputs": [
    {
     "data": {
      "text/html": [
       "<div>\n",
       "<style scoped>\n",
       "    .dataframe tbody tr th:only-of-type {\n",
       "        vertical-align: middle;\n",
       "    }\n",
       "\n",
       "    .dataframe tbody tr th {\n",
       "        vertical-align: top;\n",
       "    }\n",
       "\n",
       "    .dataframe thead th {\n",
       "        text-align: right;\n",
       "    }\n",
       "</style>\n",
       "<table border=\"1\" class=\"dataframe\">\n",
       "  <thead>\n",
       "    <tr style=\"text-align: right;\">\n",
       "      <th></th>\n",
       "      <th>age</th>\n",
       "      <th>sex</th>\n",
       "      <th>bmi</th>\n",
       "      <th>bp</th>\n",
       "      <th>s1</th>\n",
       "      <th>s2</th>\n",
       "      <th>s3</th>\n",
       "      <th>s4</th>\n",
       "      <th>s5</th>\n",
       "      <th>s6</th>\n",
       "      <th>target</th>\n",
       "    </tr>\n",
       "  </thead>\n",
       "  <tbody>\n",
       "    <tr>\n",
       "      <th>age</th>\n",
       "      <td>1.000000</td>\n",
       "      <td>0.173737</td>\n",
       "      <td>0.185085</td>\n",
       "      <td>0.335427</td>\n",
       "      <td>0.260061</td>\n",
       "      <td>0.219243</td>\n",
       "      <td>-0.075181</td>\n",
       "      <td>0.203841</td>\n",
       "      <td>0.270777</td>\n",
       "      <td>0.301731</td>\n",
       "      <td>0.187889</td>\n",
       "    </tr>\n",
       "    <tr>\n",
       "      <th>sex</th>\n",
       "      <td>0.173737</td>\n",
       "      <td>1.000000</td>\n",
       "      <td>0.088161</td>\n",
       "      <td>0.241013</td>\n",
       "      <td>0.035277</td>\n",
       "      <td>0.142637</td>\n",
       "      <td>-0.379090</td>\n",
       "      <td>0.332115</td>\n",
       "      <td>0.149918</td>\n",
       "      <td>0.208133</td>\n",
       "      <td>0.043062</td>\n",
       "    </tr>\n",
       "    <tr>\n",
       "      <th>bmi</th>\n",
       "      <td>0.185085</td>\n",
       "      <td>0.088161</td>\n",
       "      <td>1.000000</td>\n",
       "      <td>0.395415</td>\n",
       "      <td>0.249777</td>\n",
       "      <td>0.261170</td>\n",
       "      <td>-0.366811</td>\n",
       "      <td>0.413807</td>\n",
       "      <td>0.446159</td>\n",
       "      <td>0.388680</td>\n",
       "      <td>0.586450</td>\n",
       "    </tr>\n",
       "    <tr>\n",
       "      <th>bp</th>\n",
       "      <td>0.335427</td>\n",
       "      <td>0.241013</td>\n",
       "      <td>0.395415</td>\n",
       "      <td>1.000000</td>\n",
       "      <td>0.242470</td>\n",
       "      <td>0.185558</td>\n",
       "      <td>-0.178761</td>\n",
       "      <td>0.257653</td>\n",
       "      <td>0.393478</td>\n",
       "      <td>0.390429</td>\n",
       "      <td>0.441484</td>\n",
       "    </tr>\n",
       "    <tr>\n",
       "      <th>s1</th>\n",
       "      <td>0.260061</td>\n",
       "      <td>0.035277</td>\n",
       "      <td>0.249777</td>\n",
       "      <td>0.242470</td>\n",
       "      <td>1.000000</td>\n",
       "      <td>0.896663</td>\n",
       "      <td>0.051519</td>\n",
       "      <td>0.542207</td>\n",
       "      <td>0.515501</td>\n",
       "      <td>0.325717</td>\n",
       "      <td>0.212022</td>\n",
       "    </tr>\n",
       "    <tr>\n",
       "      <th>s2</th>\n",
       "      <td>0.219243</td>\n",
       "      <td>0.142637</td>\n",
       "      <td>0.261170</td>\n",
       "      <td>0.185558</td>\n",
       "      <td>0.896663</td>\n",
       "      <td>1.000000</td>\n",
       "      <td>-0.196455</td>\n",
       "      <td>0.659817</td>\n",
       "      <td>0.318353</td>\n",
       "      <td>0.290600</td>\n",
       "      <td>0.174054</td>\n",
       "    </tr>\n",
       "    <tr>\n",
       "      <th>s3</th>\n",
       "      <td>-0.075181</td>\n",
       "      <td>-0.379090</td>\n",
       "      <td>-0.366811</td>\n",
       "      <td>-0.178761</td>\n",
       "      <td>0.051519</td>\n",
       "      <td>-0.196455</td>\n",
       "      <td>1.000000</td>\n",
       "      <td>-0.738493</td>\n",
       "      <td>-0.398577</td>\n",
       "      <td>-0.273697</td>\n",
       "      <td>-0.394789</td>\n",
       "    </tr>\n",
       "    <tr>\n",
       "      <th>s4</th>\n",
       "      <td>0.203841</td>\n",
       "      <td>0.332115</td>\n",
       "      <td>0.413807</td>\n",
       "      <td>0.257653</td>\n",
       "      <td>0.542207</td>\n",
       "      <td>0.659817</td>\n",
       "      <td>-0.738493</td>\n",
       "      <td>1.000000</td>\n",
       "      <td>0.617857</td>\n",
       "      <td>0.417212</td>\n",
       "      <td>0.430453</td>\n",
       "    </tr>\n",
       "    <tr>\n",
       "      <th>s5</th>\n",
       "      <td>0.270777</td>\n",
       "      <td>0.149918</td>\n",
       "      <td>0.446159</td>\n",
       "      <td>0.393478</td>\n",
       "      <td>0.515501</td>\n",
       "      <td>0.318353</td>\n",
       "      <td>-0.398577</td>\n",
       "      <td>0.617857</td>\n",
       "      <td>1.000000</td>\n",
       "      <td>0.464670</td>\n",
       "      <td>0.565883</td>\n",
       "    </tr>\n",
       "    <tr>\n",
       "      <th>s6</th>\n",
       "      <td>0.301731</td>\n",
       "      <td>0.208133</td>\n",
       "      <td>0.388680</td>\n",
       "      <td>0.390429</td>\n",
       "      <td>0.325717</td>\n",
       "      <td>0.290600</td>\n",
       "      <td>-0.273697</td>\n",
       "      <td>0.417212</td>\n",
       "      <td>0.464670</td>\n",
       "      <td>1.000000</td>\n",
       "      <td>0.382483</td>\n",
       "    </tr>\n",
       "    <tr>\n",
       "      <th>target</th>\n",
       "      <td>0.187889</td>\n",
       "      <td>0.043062</td>\n",
       "      <td>0.586450</td>\n",
       "      <td>0.441484</td>\n",
       "      <td>0.212022</td>\n",
       "      <td>0.174054</td>\n",
       "      <td>-0.394789</td>\n",
       "      <td>0.430453</td>\n",
       "      <td>0.565883</td>\n",
       "      <td>0.382483</td>\n",
       "      <td>1.000000</td>\n",
       "    </tr>\n",
       "  </tbody>\n",
       "</table>\n",
       "</div>"
      ],
      "text/plain": [
       "             age       sex       bmi        bp        s1        s2        s3  \\\n",
       "age     1.000000  0.173737  0.185085  0.335427  0.260061  0.219243 -0.075181   \n",
       "sex     0.173737  1.000000  0.088161  0.241013  0.035277  0.142637 -0.379090   \n",
       "bmi     0.185085  0.088161  1.000000  0.395415  0.249777  0.261170 -0.366811   \n",
       "bp      0.335427  0.241013  0.395415  1.000000  0.242470  0.185558 -0.178761   \n",
       "s1      0.260061  0.035277  0.249777  0.242470  1.000000  0.896663  0.051519   \n",
       "s2      0.219243  0.142637  0.261170  0.185558  0.896663  1.000000 -0.196455   \n",
       "s3     -0.075181 -0.379090 -0.366811 -0.178761  0.051519 -0.196455  1.000000   \n",
       "s4      0.203841  0.332115  0.413807  0.257653  0.542207  0.659817 -0.738493   \n",
       "s5      0.270777  0.149918  0.446159  0.393478  0.515501  0.318353 -0.398577   \n",
       "s6      0.301731  0.208133  0.388680  0.390429  0.325717  0.290600 -0.273697   \n",
       "target  0.187889  0.043062  0.586450  0.441484  0.212022  0.174054 -0.394789   \n",
       "\n",
       "              s4        s5        s6    target  \n",
       "age     0.203841  0.270777  0.301731  0.187889  \n",
       "sex     0.332115  0.149918  0.208133  0.043062  \n",
       "bmi     0.413807  0.446159  0.388680  0.586450  \n",
       "bp      0.257653  0.393478  0.390429  0.441484  \n",
       "s1      0.542207  0.515501  0.325717  0.212022  \n",
       "s2      0.659817  0.318353  0.290600  0.174054  \n",
       "s3     -0.738493 -0.398577 -0.273697 -0.394789  \n",
       "s4      1.000000  0.617857  0.417212  0.430453  \n",
       "s5      0.617857  1.000000  0.464670  0.565883  \n",
       "s6      0.417212  0.464670  1.000000  0.382483  \n",
       "target  0.430453  0.565883  0.382483  1.000000  "
      ]
     },
     "execution_count": 4,
     "metadata": {},
     "output_type": "execute_result"
    }
   ],
   "source": [
    "df_corr = df.corr()\n",
    "df_corr"
   ]
  },
  {
   "cell_type": "code",
   "execution_count": 5,
   "metadata": {},
   "outputs": [],
   "source": [
    "cor_order = df_corr.loc[:'s6', 'target'].abs().sort_values(ascending=False)"
   ]
  },
  {
   "cell_type": "code",
   "execution_count": 6,
   "metadata": {},
   "outputs": [
    {
     "data": {
      "text/plain": [
       "bmi    0.586450\n",
       "s5     0.565883\n",
       "bp     0.441484\n",
       "s4     0.430453\n",
       "s3     0.394789\n",
       "s6     0.382483\n",
       "s1     0.212022\n",
       "age    0.187889\n",
       "s2     0.174054\n",
       "sex    0.043062\n",
       "Name: target, dtype: float64"
      ]
     },
     "execution_count": 6,
     "metadata": {},
     "output_type": "execute_result"
    }
   ],
   "source": [
    "cor_order"
   ]
  },
  {
   "cell_type": "code",
   "execution_count": 7,
   "metadata": {},
   "outputs": [],
   "source": [
    "names = ['target', 'bmi', 's5']\n",
    "diabetes_df_l = df.loc[:, names]"
   ]
  },
  {
   "cell_type": "code",
   "execution_count": 8,
   "metadata": {},
   "outputs": [
    {
     "data": {
